GO.ID	Description	p.Val	FDR	Phenotype	Genes
CORUM:5668	PlexinA1-NRP1 complex	0.0499316934433554	0.0499316934433554	+1	1
CORUM:5673	PlexinA1-Nrp2 complex	0.0499316934433554	0.0499316934433554	+1	1
CORUM:5745	PlexinA1-NRP1 complex	0.0499316934433554	0.0499316934433554	+1	1
CORUM:5757	PLXNA1-RANBPM complex	0.0499316934433554	0.0499316934433554	+1	1
