GO.ID	Description	p.Val	FDR	Phenotype	Genes
GO:0005829	cytosol	0.00091686993504102	0.00091686993504102	+1	19
GO:0160064	multi-pass translocon complex	0.0126122456976332	0.0126122456976332	+1	2
GO:0072379	ER membrane insertion complex	0.0317513838405379	0.0317513838405379	+1	2
MIRNA:hsa-miR-5690	hsa-miR-5690	0.0196888098655047	0.0196888098655047	+1	5
