GO.ID	Description	p.Val	FDR	Phenotype	Genes
GO:0005737	cytoplasm	0.00142660931743447	0.00142660931743447	+1	40
GO:0005829	cytosol	0.0448625993606911	0.0448625993606911	+1	23
HPA:0471461	skin 2; langerhans cells[≥Low]	0.0406826452562765	0.0406826452562765	+1	10
MIRNA:hsa-miR-8076	hsa-miR-8076	0.0371119835268152	0.0371119835268152	+1	4
