GO.ID	Description	p.Val	FDR	Phenotype	Genes
GO:0031332	RNAi effector complex	0.00756320693758989	0.00756320693758989	+1	4
GO:0016442	RISC complex	0.00756320693758989	0.00756320693758989	+1	4
GO:0031767	gastric inhibitory polypeptide receptor binding	0.0499033016594848	0.0499033016594848	+1	1
