GO.ID	Description	p.Val	FDR	Phenotype	Genes
GO:0031095	platelet dense tubular network membrane	0.0132850946223289	0.0132850946223289	+1	2
GO:0031094	platelet dense tubular network	0.0202624105492849	0.0202624105492849	+1	2
