GO.ID	Description	p.Val	FDR	Phenotype	Genes
GO:0000177	cytoplasmic exosome (RNase complex)	0.00675390328362111	0.00675390328362111	+1	2
GO:0000178	exosome (RNase complex)	0.0154853122662852	0.0154853122662852	+1	2
GO:1905354	exoribonuclease complex	0.0168252611445665	0.0168252611445665	+1	2
